>> kepler
E(t = 15.0 s) = 2.08311341 rad
r(theta = 171.3352 deg) = 26.44394782 AU